]0;for i in 0 g 1 2__OPTIM0__================================================


2018-11-02 10:36                                                        Página 1


0      1      2	     3	    4	   5	  6	 7	8      9      10
81586  81482  82517  81602  81289  81395  80645	 80694	80664  80682  81930
45297  44327  49434  48127  47025  51056  54643	 46596	46569  52153  44931
12431  12341  12639  12449  12543  12199  12151	 12177	12346  12187  12507
11500  11334  11524  11499  12027  11320  11304	 11314	11338  12080  11409
22103  22288  22245  22336  21990  21932  21913	 21931	21961  22694  22596
8447   8239   8215   8262   8219   8218	  8214	 8216	8223   8177   8276
5253   5225   5542   5477   5025   5017	  5021	 5034	5021   5679   5055
1010   1791   1011   1283   1013   1013	  1012	 1011	1010   1607   1353
2844   2893   2853   2849   2844   2828	  2852	 2826	2840   2866   3565
877    885    880    879    879	   872	  872	 880	876    888    877






__OPTIMg__================================================


2018-11-02 10:36                                                        Página 1


0      1      2	     3	    4	   5	  6	 7	8      9      10
24781  23952  25422  24212  24013  24091  25210	 24161	23821  23855  23644
11327  11166  9378   8832   9871   9871	  10268	 8835	9189   9170   10928
11122  12117  11346  11247  11073  11333  11447	 11263	11081  11239  11029
10661  10845  10753  10688  10745  10504  10683	 10649	10679  10719  10435
5477   5955   5510   5448   5506   5860	  5463	 5442	5462   5719   5431
2563   2570   2557   2596   3251   2732	  2556	 2589	2828   2795   2557
2178   1514   1515   1507   1950   1512	  1515	 1515	2252   1508   1509
1898   1015   1052   1013   1012   1011	  1041	 1012	1208   1011   1012
723    509    508    509    519	   508	  506	 514	509    508    508
360    360    359    413    360	   360	  359	 407	361    368    359






__OPTIM1__================================================


2018-11-02 10:36                                                        Página 1


0      1      2	     3	    4	   5	  6	 7	8      9      10
15178  13982  13979  13947  13932  14057  13936	 14348	13990  13965  13994
8715   8552   8568   8564   8551   8556	  8558	 8810	8548   8556   8556
11078  11024  11319  11056  11042  11038  11041	 11140	11030  11044  11040
10451  11646  10470  10441  10449  10433  10448	 10563	10443  10463  10450
5768   5772   5909   5771   5769   5770	  5768	 5776	5768   5772   5768
2769   2592   2588   2577   2580   2585	  2580	 2589	2579   2577   2581
1478   1478   1481   1483   1481   1484	  1480	 1494	1478   1485   1479
1014   1012   1014   1012   1008   1013	  1011	 1732	1011   1011   1010
515    627    508    509    536	   507	  507	 508	507    506    507
359    440    358    360    365	   357	  362	 361	358    358    362






__OPTIM2__================================================


2018-11-02 10:36                                                        Página 1


0      1      2	     3	    4	   5	  6	 7	8      9      10
15054  14013  14083  14157  14042  14667  14028	 14047	14037  14025  14041
8803   8603   8580   8576   8626   8802	  8742	 9005	8586   8640   10020
11175  10996  11252  10967  10988  10964  10986	 11362	11002  10960  10946
10423  10743  12253  10379  10384  10387  10388	 10504	10390  10393  10376
4797   4589   4656   4581   4581   4582	  4582	 4592	4581   4580   4584
2494   2491   2495   2493   2492   2511	  2493	 2538	2491   2493   2491
1393   1423   1393   1393   1392   1394	  1394	 1407	1395   1397   1400
984    999   972    1007   998	   1009	  997	 993	999    1001   998
696    701   758    699    860	   696	  698	 696	695    714    695
359    359    367    359    358	   359	  358	 360	358    363    359
